0.000000000000000000e+00
1.236692148687268400e-06
4.318845504780454174e-04
6.806486892335650296e-03
3.208233186428799399e-02
8.363202838318729848e-02
1.556895428510240986e-01
2.344570279394879442e-01
3.059994299021728814e-01
3.610959875477659509e-01
3.963037114166394481e-01
4.126377102106164041e-01
4.135393353719148957e-01
4.031787996610338709e-01
3.854264088647957331e-01
3.634061788426202755e-01
3.394170060144626189e-01
3.150325418170956682e-01
2.912594342007293058e-01
2.686926542458823453e-01
2.476439616402789645e-01
2.282389274859700778e-01
2.104861380554010342e-01
1.943245938597552014e-01
1.796551380887406735e-01
