1.000000000000000000e+00
9.999999917553855644e-01
9.999935216731613563e-01
9.998184476749474303e-01
9.986607327485996777e-01
9.949464413598310131e-01
9.870515018907612959e-01
9.740529684091632223e-01
9.559943577779347335e-01
9.337091730054017935e-01
9.084503123916884970e-01
8.815381869096819978e-01
8.541296818388897094e-01
8.271162683737878218e-01
8.011141201754099495e-01
7.765026498714191483e-01
7.534793243955211217e-01
7.321127303609626935e-01
7.123863260037769374e-01
6.942313212933703959e-01
6.775498743862659046e-01
6.622306643953652650e-01
6.481588798009645380e-01
6.352223094427872363e-01
6.233148109059614139e-01
