9.999999999999998890e-01
9.999999999999746869e-01
9.999999989132178912e-01
9.999997744759505647e-01
9.999944229983739330e-01
9.999520023108224853e-01
9.997721541976455351e-01
9.992495095732940591e-01
9.980547904247969448e-01
9.957308440974153019e-01
9.917059542401045480e-01
9.853355369120299079e-01
9.759805701082061580e-01
9.631162815014948642e-01
9.464460632234460435e-01
9.259847779761541942e-01
9.020811009887733656e-01
8.753696289380474838e-01
8.466692520015409729e-01
8.168608191224303594e-01
7.867774755819838539e-01
7.571287606024516004e-01
7.284637797022143202e-01
7.011670867780808170e-01
6.754759078390666360e-01
6.515076413835528824e-01
6.292894849599702800e-01
6.087853894098916863e-01
5.899182188170377650e-01
5.725867141667783100e-01
5.566777642891392874e-01
5.420748428630237647e-01
5.286635122601951453e-01
5.163347892905186809e-01
5.049870127474420656e-01
4.945266984307303271e-01
4.848687352694253661e-01
4.759361718531900376e-01
4.676597643677180560e-01
4.599774001857777628e-01
