1.000000000000000000e+00
9.999999958769461017e-01
9.999967442166236564e-01
9.999066708934334358e-01
9.992750728656379922e-01
9.970131990938478905e-01
9.912864883595331467e-01
9.792641592301349895e-01
9.569623541991105764e-01
9.202659769886364360e-01
8.676690044137610469e-01
8.026280014641125060e-01
7.324828286186965132e-01
6.646851810412494066e-01
6.039885635735118274e-01
5.521367152839822268e-01
5.089090458548379825e-01
4.732075343145296098e-01
4.437264147752318366e-01
4.192580041971241123e-01
3.987915494665835170e-01
3.815188088767291763e-01
3.668063672805345066e-01
3.541611953151753145e-01
3.431993402389137415e-01
