0.000000000000000000e+00
8.246314742166305223e-07
2.895864015349678615e-04
4.681850517818109125e-03
2.339748697735188898e-02
6.740270887529831167e-02
1.452538345443089851e-01
2.640135110930807993e-01
4.235845440879362211e-01
6.014491119927711793e-01
7.480891302623051686e-01
8.156842067713053757e-01
7.946747613502291863e-01
7.131747930313774297e-01
6.082475221160130729e-01
5.055193459063318517e-01
4.165524360237387591e-01
3.439291520879882436e-01
2.861872371292008554e-01
2.406538170095684492e-01
2.046824855155150447e-01
1.760585304782392446e-01
1.530527335808560263e-01
1.343554136641084973e-01
1.189860251023576732e-01
