0.000000000000000000e+00
1.212659602363904210e-11
2.473042300545875042e-07
2.886707397919963114e-05
4.568666185918523830e-04
2.730457857147866509e-03
9.521529414885253687e-03
2.400085698134388559e-02
4.908893586606134091e-02
8.700733877036935515e-02
1.388842728949845895e-01
2.042455932332757629e-01
2.805294429933641864e-01
3.629550174099183679e-01
4.450247508052587175e-01
5.196627062003618125e-01
5.806480150805817253e-01
6.238199799114365618e-01
6.476421115052779509e-01
6.530320263295810168e-01
6.426715082935401391e-01
6.201394829526015728e-01
5.891525679473245125e-01
5.530533365941014967e-01
5.145562418508270452e-01
4.756898933099352744e-01
4.378573238308317017e-01
4.019491856818367959e-01
3.684672966664200300e-01
3.376359705917858500e-01
3.094923268131273275e-01
2.839546336273187088e-01
2.608714166495006426e-01
2.400552509573491144e-01
2.213050793046793252e-01
2.044203037311302651e-01
1.892091806800137721e-01
1.754933909754304855e-01
1.631101187252156082e-01
1.519125635442685196e-01
